2000 2002
2 1 1
1 1

2 1 0 1 2 AND
2 1 0 2 3 AND
2 1 0 3 4 AND
2 1 0 4 5 AND
2 1 0 5 6 AND
2 1 0 6 7 AND
2 1 0 7 8 AND
2 1 0 8 9 AND
2 1 0 9 10 AND
2 1 0 10 11 AND
2 1 0 11 12 AND
2 1 0 12 13 AND
2 1 0 13 14 AND
2 1 0 14 15 AND
2 1 0 15 16 AND
2 1 0 16 17 AND
2 1 0 17 18 AND
2 1 0 18 19 AND
2 1 0 19 20 AND
2 1 0 20 21 AND
2 1 0 21 22 AND
2 1 0 22 23 AND
2 1 0 23 24 AND
2 1 0 24 25 AND
2 1 0 25 26 AND
2 1 0 26 27 AND
2 1 0 27 28 AND
2 1 0 28 29 AND
2 1 0 29 30 AND
2 1 0 30 31 AND
2 1 0 31 32 AND
2 1 0 32 33 AND
2 1 0 33 34 AND
2 1 0 34 35 AND
2 1 0 35 36 AND
2 1 0 36 37 AND
2 1 0 37 38 AND
2 1 0 38 39 AND
2 1 0 39 40 AND
2 1 0 40 41 AND
2 1 0 41 42 AND
2 1 0 42 43 AND
2 1 0 43 44 AND
2 1 0 44 45 AND
2 1 0 45 46 AND
2 1 0 46 47 AND
2 1 0 47 48 AND
2 1 0 48 49 AND
2 1 0 49 50 AND
2 1 0 50 51 AND
2 1 0 51 52 AND
2 1 0 52 53 AND
2 1 0 53 54 AND
2 1 0 54 55 AND
2 1 0 55 56 AND
2 1 0 56 57 AND
2 1 0 57 58 AND
2 1 0 58 59 AND
2 1 0 59 60 AND
2 1 0 60 61 AND
2 1 0 61 62 AND
2 1 0 62 63 AND
2 1 0 63 64 AND
2 1 0 64 65 AND
2 1 0 65 66 AND
2 1 0 66 67 AND
2 1 0 67 68 AND
2 1 0 68 69 AND
2 1 0 69 70 AND
2 1 0 70 71 AND
2 1 0 71 72 AND
2 1 0 72 73 AND
2 1 0 73 74 AND
2 1 0 74 75 AND
2 1 0 75 76 AND
2 1 0 76 77 AND
2 1 0 77 78 AND
2 1 0 78 79 AND
2 1 0 79 80 AND
2 1 0 80 81 AND
2 1 0 81 82 AND
2 1 0 82 83 AND
2 1 0 83 84 AND
2 1 0 84 85 AND
2 1 0 85 86 AND
2 1 0 86 87 AND
2 1 0 87 88 AND
2 1 0 88 89 AND
2 1 0 89 90 AND
2 1 0 90 91 AND
2 1 0 91 92 AND
2 1 0 92 93 AND
2 1 0 93 94 AND
2 1 0 94 95 AND
2 1 0 95 96 AND
2 1 0 96 97 AND
2 1 0 97 98 AND
2 1 0 98 99 AND
2 1 0 99 100 AND
2 1 0 100 101 AND
2 1 0 101 102 AND
2 1 0 102 103 AND
2 1 0 103 104 AND
2 1 0 104 105 AND
2 1 0 105 106 AND
2 1 0 106 107 AND
2 1 0 107 108 AND
2 1 0 108 109 AND
2 1 0 109 110 AND
2 1 0 110 111 AND
2 1 0 111 112 AND
2 1 0 112 113 AND
2 1 0 113 114 AND
2 1 0 114 115 AND
2 1 0 115 116 AND
2 1 0 116 117 AND
2 1 0 117 118 AND
2 1 0 118 119 AND
2 1 0 119 120 AND
2 1 0 120 121 AND
2 1 0 121 122 AND
2 1 0 122 123 AND
2 1 0 123 124 AND
2 1 0 124 125 AND
2 1 0 125 126 AND
2 1 0 126 127 AND
2 1 0 127 128 AND
2 1 0 128 129 AND
2 1 0 129 130 AND
2 1 0 130 131 AND
2 1 0 131 132 AND
2 1 0 132 133 AND
2 1 0 133 134 AND
2 1 0 134 135 AND
2 1 0 135 136 AND
2 1 0 136 137 AND
2 1 0 137 138 AND
2 1 0 138 139 AND
2 1 0 139 140 AND
2 1 0 140 141 AND
2 1 0 141 142 AND
2 1 0 142 143 AND
2 1 0 143 144 AND
2 1 0 144 145 AND
2 1 0 145 146 AND
2 1 0 146 147 AND
2 1 0 147 148 AND
2 1 0 148 149 AND
2 1 0 149 150 AND
2 1 0 150 151 AND
2 1 0 151 152 AND
2 1 0 152 153 AND
2 1 0 153 154 AND
2 1 0 154 155 AND
2 1 0 155 156 AND
2 1 0 156 157 AND
2 1 0 157 158 AND
2 1 0 158 159 AND
2 1 0 159 160 AND
2 1 0 160 161 AND
2 1 0 161 162 AND
2 1 0 162 163 AND
2 1 0 163 164 AND
2 1 0 164 165 AND
2 1 0 165 166 AND
2 1 0 166 167 AND
2 1 0 167 168 AND
2 1 0 168 169 AND
2 1 0 169 170 AND
2 1 0 170 171 AND
2 1 0 171 172 AND
2 1 0 172 173 AND
2 1 0 173 174 AND
2 1 0 174 175 AND
2 1 0 175 176 AND
2 1 0 176 177 AND
2 1 0 177 178 AND
2 1 0 178 179 AND
2 1 0 179 180 AND
2 1 0 180 181 AND
2 1 0 181 182 AND
2 1 0 182 183 AND
2 1 0 183 184 AND
2 1 0 184 185 AND
2 1 0 185 186 AND
2 1 0 186 187 AND
2 1 0 187 188 AND
2 1 0 188 189 AND
2 1 0 189 190 AND
2 1 0 190 191 AND
2 1 0 191 192 AND
2 1 0 192 193 AND
2 1 0 193 194 AND
2 1 0 194 195 AND
2 1 0 195 196 AND
2 1 0 196 197 AND
2 1 0 197 198 AND
2 1 0 198 199 AND
2 1 0 199 200 AND
2 1 0 200 201 AND
2 1 0 201 202 AND
2 1 0 202 203 AND
2 1 0 203 204 AND
2 1 0 204 205 AND
2 1 0 205 206 AND
2 1 0 206 207 AND
2 1 0 207 208 AND
2 1 0 208 209 AND
2 1 0 209 210 AND
2 1 0 210 211 AND
2 1 0 211 212 AND
2 1 0 212 213 AND
2 1 0 213 214 AND
2 1 0 214 215 AND
2 1 0 215 216 AND
2 1 0 216 217 AND
2 1 0 217 218 AND
2 1 0 218 219 AND
2 1 0 219 220 AND
2 1 0 220 221 AND
2 1 0 221 222 AND
2 1 0 222 223 AND
2 1 0 223 224 AND
2 1 0 224 225 AND
2 1 0 225 226 AND
2 1 0 226 227 AND
2 1 0 227 228 AND
2 1 0 228 229 AND
2 1 0 229 230 AND
2 1 0 230 231 AND
2 1 0 231 232 AND
2 1 0 232 233 AND
2 1 0 233 234 AND
2 1 0 234 235 AND
2 1 0 235 236 AND
2 1 0 236 237 AND
2 1 0 237 238 AND
2 1 0 238 239 AND
2 1 0 239 240 AND
2 1 0 240 241 AND
2 1 0 241 242 AND
2 1 0 242 243 AND
2 1 0 243 244 AND
2 1 0 244 245 AND
2 1 0 245 246 AND
2 1 0 246 247 AND
2 1 0 247 248 AND
2 1 0 248 249 AND
2 1 0 249 250 AND
2 1 0 250 251 AND
2 1 0 251 252 AND
2 1 0 252 253 AND
2 1 0 253 254 AND
2 1 0 254 255 AND
2 1 0 255 256 AND
2 1 0 256 257 AND
2 1 0 257 258 AND
2 1 0 258 259 AND
2 1 0 259 260 AND
2 1 0 260 261 AND
2 1 0 261 262 AND
2 1 0 262 263 AND
2 1 0 263 264 AND
2 1 0 264 265 AND
2 1 0 265 266 AND
2 1 0 266 267 AND
2 1 0 267 268 AND
2 1 0 268 269 AND
2 1 0 269 270 AND
2 1 0 270 271 AND
2 1 0 271 272 AND
2 1 0 272 273 AND
2 1 0 273 274 AND
2 1 0 274 275 AND
2 1 0 275 276 AND
2 1 0 276 277 AND
2 1 0 277 278 AND
2 1 0 278 279 AND
2 1 0 279 280 AND
2 1 0 280 281 AND
2 1 0 281 282 AND
2 1 0 282 283 AND
2 1 0 283 284 AND
2 1 0 284 285 AND
2 1 0 285 286 AND
2 1 0 286 287 AND
2 1 0 287 288 AND
2 1 0 288 289 AND
2 1 0 289 290 AND
2 1 0 290 291 AND
2 1 0 291 292 AND
2 1 0 292 293 AND
2 1 0 293 294 AND
2 1 0 294 295 AND
2 1 0 295 296 AND
2 1 0 296 297 AND
2 1 0 297 298 AND
2 1 0 298 299 AND
2 1 0 299 300 AND
2 1 0 300 301 AND
2 1 0 301 302 AND
2 1 0 302 303 AND
2 1 0 303 304 AND
2 1 0 304 305 AND
2 1 0 305 306 AND
2 1 0 306 307 AND
2 1 0 307 308 AND
2 1 0 308 309 AND
2 1 0 309 310 AND
2 1 0 310 311 AND
2 1 0 311 312 AND
2 1 0 312 313 AND
2 1 0 313 314 AND
2 1 0 314 315 AND
2 1 0 315 316 AND
2 1 0 316 317 AND
2 1 0 317 318 AND
2 1 0 318 319 AND
2 1 0 319 320 AND
2 1 0 320 321 AND
2 1 0 321 322 AND
2 1 0 322 323 AND
2 1 0 323 324 AND
2 1 0 324 325 AND
2 1 0 325 326 AND
2 1 0 326 327 AND
2 1 0 327 328 AND
2 1 0 328 329 AND
2 1 0 329 330 AND
2 1 0 330 331 AND
2 1 0 331 332 AND
2 1 0 332 333 AND
2 1 0 333 334 AND
2 1 0 334 335 AND
2 1 0 335 336 AND
2 1 0 336 337 AND
2 1 0 337 338 AND
2 1 0 338 339 AND
2 1 0 339 340 AND
2 1 0 340 341 AND
2 1 0 341 342 AND
2 1 0 342 343 AND
2 1 0 343 344 AND
2 1 0 344 345 AND
2 1 0 345 346 AND
2 1 0 346 347 AND
2 1 0 347 348 AND
2 1 0 348 349 AND
2 1 0 349 350 AND
2 1 0 350 351 AND
2 1 0 351 352 AND
2 1 0 352 353 AND
2 1 0 353 354 AND
2 1 0 354 355 AND
2 1 0 355 356 AND
2 1 0 356 357 AND
2 1 0 357 358 AND
2 1 0 358 359 AND
2 1 0 359 360 AND
2 1 0 360 361 AND
2 1 0 361 362 AND
2 1 0 362 363 AND
2 1 0 363 364 AND
2 1 0 364 365 AND
2 1 0 365 366 AND
2 1 0 366 367 AND
2 1 0 367 368 AND
2 1 0 368 369 AND
2 1 0 369 370 AND
2 1 0 370 371 AND
2 1 0 371 372 AND
2 1 0 372 373 AND
2 1 0 373 374 AND
2 1 0 374 375 AND
2 1 0 375 376 AND
2 1 0 376 377 AND
2 1 0 377 378 AND
2 1 0 378 379 AND
2 1 0 379 380 AND
2 1 0 380 381 AND
2 1 0 381 382 AND
2 1 0 382 383 AND
2 1 0 383 384 AND
2 1 0 384 385 AND
2 1 0 385 386 AND
2 1 0 386 387 AND
2 1 0 387 388 AND
2 1 0 388 389 AND
2 1 0 389 390 AND
2 1 0 390 391 AND
2 1 0 391 392 AND
2 1 0 392 393 AND
2 1 0 393 394 AND
2 1 0 394 395 AND
2 1 0 395 396 AND
2 1 0 396 397 AND
2 1 0 397 398 AND
2 1 0 398 399 AND
2 1 0 399 400 AND
2 1 0 400 401 AND
2 1 0 401 402 AND
2 1 0 402 403 AND
2 1 0 403 404 AND
2 1 0 404 405 AND
2 1 0 405 406 AND
2 1 0 406 407 AND
2 1 0 407 408 AND
2 1 0 408 409 AND
2 1 0 409 410 AND
2 1 0 410 411 AND
2 1 0 411 412 AND
2 1 0 412 413 AND
2 1 0 413 414 AND
2 1 0 414 415 AND
2 1 0 415 416 AND
2 1 0 416 417 AND
2 1 0 417 418 AND
2 1 0 418 419 AND
2 1 0 419 420 AND
2 1 0 420 421 AND
2 1 0 421 422 AND
2 1 0 422 423 AND
2 1 0 423 424 AND
2 1 0 424 425 AND
2 1 0 425 426 AND
2 1 0 426 427 AND
2 1 0 427 428 AND
2 1 0 428 429 AND
2 1 0 429 430 AND
2 1 0 430 431 AND
2 1 0 431 432 AND
2 1 0 432 433 AND
2 1 0 433 434 AND
2 1 0 434 435 AND
2 1 0 435 436 AND
2 1 0 436 437 AND
2 1 0 437 438 AND
2 1 0 438 439 AND
2 1 0 439 440 AND
2 1 0 440 441 AND
2 1 0 441 442 AND
2 1 0 442 443 AND
2 1 0 443 444 AND
2 1 0 444 445 AND
2 1 0 445 446 AND
2 1 0 446 447 AND
2 1 0 447 448 AND
2 1 0 448 449 AND
2 1 0 449 450 AND
2 1 0 450 451 AND
2 1 0 451 452 AND
2 1 0 452 453 AND
2 1 0 453 454 AND
2 1 0 454 455 AND
2 1 0 455 456 AND
2 1 0 456 457 AND
2 1 0 457 458 AND
2 1 0 458 459 AND
2 1 0 459 460 AND
2 1 0 460 461 AND
2 1 0 461 462 AND
2 1 0 462 463 AND
2 1 0 463 464 AND
2 1 0 464 465 AND
2 1 0 465 466 AND
2 1 0 466 467 AND
2 1 0 467 468 AND
2 1 0 468 469 AND
2 1 0 469 470 AND
2 1 0 470 471 AND
2 1 0 471 472 AND
2 1 0 472 473 AND
2 1 0 473 474 AND
2 1 0 474 475 AND
2 1 0 475 476 AND
2 1 0 476 477 AND
2 1 0 477 478 AND
2 1 0 478 479 AND
2 1 0 479 480 AND
2 1 0 480 481 AND
2 1 0 481 482 AND
2 1 0 482 483 AND
2 1 0 483 484 AND
2 1 0 484 485 AND
2 1 0 485 486 AND
2 1 0 486 487 AND
2 1 0 487 488 AND
2 1 0 488 489 AND
2 1 0 489 490 AND
2 1 0 490 491 AND
2 1 0 491 492 AND
2 1 0 492 493 AND
2 1 0 493 494 AND
2 1 0 494 495 AND
2 1 0 495 496 AND
2 1 0 496 497 AND
2 1 0 497 498 AND
2 1 0 498 499 AND
2 1 0 499 500 AND
2 1 0 500 501 AND
2 1 0 501 502 AND
2 1 0 502 503 AND
2 1 0 503 504 AND
2 1 0 504 505 AND
2 1 0 505 506 AND
2 1 0 506 507 AND
2 1 0 507 508 AND
2 1 0 508 509 AND
2 1 0 509 510 AND
2 1 0 510 511 AND
2 1 0 511 512 AND
2 1 0 512 513 AND
2 1 0 513 514 AND
2 1 0 514 515 AND
2 1 0 515 516 AND
2 1 0 516 517 AND
2 1 0 517 518 AND
2 1 0 518 519 AND
2 1 0 519 520 AND
2 1 0 520 521 AND
2 1 0 521 522 AND
2 1 0 522 523 AND
2 1 0 523 524 AND
2 1 0 524 525 AND
2 1 0 525 526 AND
2 1 0 526 527 AND
2 1 0 527 528 AND
2 1 0 528 529 AND
2 1 0 529 530 AND
2 1 0 530 531 AND
2 1 0 531 532 AND
2 1 0 532 533 AND
2 1 0 533 534 AND
2 1 0 534 535 AND
2 1 0 535 536 AND
2 1 0 536 537 AND
2 1 0 537 538 AND
2 1 0 538 539 AND
2 1 0 539 540 AND
2 1 0 540 541 AND
2 1 0 541 542 AND
2 1 0 542 543 AND
2 1 0 543 544 AND
2 1 0 544 545 AND
2 1 0 545 546 AND
2 1 0 546 547 AND
2 1 0 547 548 AND
2 1 0 548 549 AND
2 1 0 549 550 AND
2 1 0 550 551 AND
2 1 0 551 552 AND
2 1 0 552 553 AND
2 1 0 553 554 AND
2 1 0 554 555 AND
2 1 0 555 556 AND
2 1 0 556 557 AND
2 1 0 557 558 AND
2 1 0 558 559 AND
2 1 0 559 560 AND
2 1 0 560 561 AND
2 1 0 561 562 AND
2 1 0 562 563 AND
2 1 0 563 564 AND
2 1 0 564 565 AND
2 1 0 565 566 AND
2 1 0 566 567 AND
2 1 0 567 568 AND
2 1 0 568 569 AND
2 1 0 569 570 AND
2 1 0 570 571 AND
2 1 0 571 572 AND
2 1 0 572 573 AND
2 1 0 573 574 AND
2 1 0 574 575 AND
2 1 0 575 576 AND
2 1 0 576 577 AND
2 1 0 577 578 AND
2 1 0 578 579 AND
2 1 0 579 580 AND
2 1 0 580 581 AND
2 1 0 581 582 AND
2 1 0 582 583 AND
2 1 0 583 584 AND
2 1 0 584 585 AND
2 1 0 585 586 AND
2 1 0 586 587 AND
2 1 0 587 588 AND
2 1 0 588 589 AND
2 1 0 589 590 AND
2 1 0 590 591 AND
2 1 0 591 592 AND
2 1 0 592 593 AND
2 1 0 593 594 AND
2 1 0 594 595 AND
2 1 0 595 596 AND
2 1 0 596 597 AND
2 1 0 597 598 AND
2 1 0 598 599 AND
2 1 0 599 600 AND
2 1 0 600 601 AND
2 1 0 601 602 AND
2 1 0 602 603 AND
2 1 0 603 604 AND
2 1 0 604 605 AND
2 1 0 605 606 AND
2 1 0 606 607 AND
2 1 0 607 608 AND
2 1 0 608 609 AND
2 1 0 609 610 AND
2 1 0 610 611 AND
2 1 0 611 612 AND
2 1 0 612 613 AND
2 1 0 613 614 AND
2 1 0 614 615 AND
2 1 0 615 616 AND
2 1 0 616 617 AND
2 1 0 617 618 AND
2 1 0 618 619 AND
2 1 0 619 620 AND
2 1 0 620 621 AND
2 1 0 621 622 AND
2 1 0 622 623 AND
2 1 0 623 624 AND
2 1 0 624 625 AND
2 1 0 625 626 AND
2 1 0 626 627 AND
2 1 0 627 628 AND
2 1 0 628 629 AND
2 1 0 629 630 AND
2 1 0 630 631 AND
2 1 0 631 632 AND
2 1 0 632 633 AND
2 1 0 633 634 AND
2 1 0 634 635 AND
2 1 0 635 636 AND
2 1 0 636 637 AND
2 1 0 637 638 AND
2 1 0 638 639 AND
2 1 0 639 640 AND
2 1 0 640 641 AND
2 1 0 641 642 AND
2 1 0 642 643 AND
2 1 0 643 644 AND
2 1 0 644 645 AND
2 1 0 645 646 AND
2 1 0 646 647 AND
2 1 0 647 648 AND
2 1 0 648 649 AND
2 1 0 649 650 AND
2 1 0 650 651 AND
2 1 0 651 652 AND
2 1 0 652 653 AND
2 1 0 653 654 AND
2 1 0 654 655 AND
2 1 0 655 656 AND
2 1 0 656 657 AND
2 1 0 657 658 AND
2 1 0 658 659 AND
2 1 0 659 660 AND
2 1 0 660 661 AND
2 1 0 661 662 AND
2 1 0 662 663 AND
2 1 0 663 664 AND
2 1 0 664 665 AND
2 1 0 665 666 AND
2 1 0 666 667 AND
2 1 0 667 668 AND
2 1 0 668 669 AND
2 1 0 669 670 AND
2 1 0 670 671 AND
2 1 0 671 672 AND
2 1 0 672 673 AND
2 1 0 673 674 AND
2 1 0 674 675 AND
2 1 0 675 676 AND
2 1 0 676 677 AND
2 1 0 677 678 AND
2 1 0 678 679 AND
2 1 0 679 680 AND
2 1 0 680 681 AND
2 1 0 681 682 AND
2 1 0 682 683 AND
2 1 0 683 684 AND
2 1 0 684 685 AND
2 1 0 685 686 AND
2 1 0 686 687 AND
2 1 0 687 688 AND
2 1 0 688 689 AND
2 1 0 689 690 AND
2 1 0 690 691 AND
2 1 0 691 692 AND
2 1 0 692 693 AND
2 1 0 693 694 AND
2 1 0 694 695 AND
2 1 0 695 696 AND
2 1 0 696 697 AND
2 1 0 697 698 AND
2 1 0 698 699 AND
2 1 0 699 700 AND
2 1 0 700 701 AND
2 1 0 701 702 AND
2 1 0 702 703 AND
2 1 0 703 704 AND
2 1 0 704 705 AND
2 1 0 705 706 AND
2 1 0 706 707 AND
2 1 0 707 708 AND
2 1 0 708 709 AND
2 1 0 709 710 AND
2 1 0 710 711 AND
2 1 0 711 712 AND
2 1 0 712 713 AND
2 1 0 713 714 AND
2 1 0 714 715 AND
2 1 0 715 716 AND
2 1 0 716 717 AND
2 1 0 717 718 AND
2 1 0 718 719 AND
2 1 0 719 720 AND
2 1 0 720 721 AND
2 1 0 721 722 AND
2 1 0 722 723 AND
2 1 0 723 724 AND
2 1 0 724 725 AND
2 1 0 725 726 AND
2 1 0 726 727 AND
2 1 0 727 728 AND
2 1 0 728 729 AND
2 1 0 729 730 AND
2 1 0 730 731 AND
2 1 0 731 732 AND
2 1 0 732 733 AND
2 1 0 733 734 AND
2 1 0 734 735 AND
2 1 0 735 736 AND
2 1 0 736 737 AND
2 1 0 737 738 AND
2 1 0 738 739 AND
2 1 0 739 740 AND
2 1 0 740 741 AND
2 1 0 741 742 AND
2 1 0 742 743 AND
2 1 0 743 744 AND
2 1 0 744 745 AND
2 1 0 745 746 AND
2 1 0 746 747 AND
2 1 0 747 748 AND
2 1 0 748 749 AND
2 1 0 749 750 AND
2 1 0 750 751 AND
2 1 0 751 752 AND
2 1 0 752 753 AND
2 1 0 753 754 AND
2 1 0 754 755 AND
2 1 0 755 756 AND
2 1 0 756 757 AND
2 1 0 757 758 AND
2 1 0 758 759 AND
2 1 0 759 760 AND
2 1 0 760 761 AND
2 1 0 761 762 AND
2 1 0 762 763 AND
2 1 0 763 764 AND
2 1 0 764 765 AND
2 1 0 765 766 AND
2 1 0 766 767 AND
2 1 0 767 768 AND
2 1 0 768 769 AND
2 1 0 769 770 AND
2 1 0 770 771 AND
2 1 0 771 772 AND
2 1 0 772 773 AND
2 1 0 773 774 AND
2 1 0 774 775 AND
2 1 0 775 776 AND
2 1 0 776 777 AND
2 1 0 777 778 AND
2 1 0 778 779 AND
2 1 0 779 780 AND
2 1 0 780 781 AND
2 1 0 781 782 AND
2 1 0 782 783 AND
2 1 0 783 784 AND
2 1 0 784 785 AND
2 1 0 785 786 AND
2 1 0 786 787 AND
2 1 0 787 788 AND
2 1 0 788 789 AND
2 1 0 789 790 AND
2 1 0 790 791 AND
2 1 0 791 792 AND
2 1 0 792 793 AND
2 1 0 793 794 AND
2 1 0 794 795 AND
2 1 0 795 796 AND
2 1 0 796 797 AND
2 1 0 797 798 AND
2 1 0 798 799 AND
2 1 0 799 800 AND
2 1 0 800 801 AND
2 1 0 801 802 AND
2 1 0 802 803 AND
2 1 0 803 804 AND
2 1 0 804 805 AND
2 1 0 805 806 AND
2 1 0 806 807 AND
2 1 0 807 808 AND
2 1 0 808 809 AND
2 1 0 809 810 AND
2 1 0 810 811 AND
2 1 0 811 812 AND
2 1 0 812 813 AND
2 1 0 813 814 AND
2 1 0 814 815 AND
2 1 0 815 816 AND
2 1 0 816 817 AND
2 1 0 817 818 AND
2 1 0 818 819 AND
2 1 0 819 820 AND
2 1 0 820 821 AND
2 1 0 821 822 AND
2 1 0 822 823 AND
2 1 0 823 824 AND
2 1 0 824 825 AND
2 1 0 825 826 AND
2 1 0 826 827 AND
2 1 0 827 828 AND
2 1 0 828 829 AND
2 1 0 829 830 AND
2 1 0 830 831 AND
2 1 0 831 832 AND
2 1 0 832 833 AND
2 1 0 833 834 AND
2 1 0 834 835 AND
2 1 0 835 836 AND
2 1 0 836 837 AND
2 1 0 837 838 AND
2 1 0 838 839 AND
2 1 0 839 840 AND
2 1 0 840 841 AND
2 1 0 841 842 AND
2 1 0 842 843 AND
2 1 0 843 844 AND
2 1 0 844 845 AND
2 1 0 845 846 AND
2 1 0 846 847 AND
2 1 0 847 848 AND
2 1 0 848 849 AND
2 1 0 849 850 AND
2 1 0 850 851 AND
2 1 0 851 852 AND
2 1 0 852 853 AND
2 1 0 853 854 AND
2 1 0 854 855 AND
2 1 0 855 856 AND
2 1 0 856 857 AND
2 1 0 857 858 AND
2 1 0 858 859 AND
2 1 0 859 860 AND
2 1 0 860 861 AND
2 1 0 861 862 AND
2 1 0 862 863 AND
2 1 0 863 864 AND
2 1 0 864 865 AND
2 1 0 865 866 AND
2 1 0 866 867 AND
2 1 0 867 868 AND
2 1 0 868 869 AND
2 1 0 869 870 AND
2 1 0 870 871 AND
2 1 0 871 872 AND
2 1 0 872 873 AND
2 1 0 873 874 AND
2 1 0 874 875 AND
2 1 0 875 876 AND
2 1 0 876 877 AND
2 1 0 877 878 AND
2 1 0 878 879 AND
2 1 0 879 880 AND
2 1 0 880 881 AND
2 1 0 881 882 AND
2 1 0 882 883 AND
2 1 0 883 884 AND
2 1 0 884 885 AND
2 1 0 885 886 AND
2 1 0 886 887 AND
2 1 0 887 888 AND
2 1 0 888 889 AND
2 1 0 889 890 AND
2 1 0 890 891 AND
2 1 0 891 892 AND
2 1 0 892 893 AND
2 1 0 893 894 AND
2 1 0 894 895 AND
2 1 0 895 896 AND
2 1 0 896 897 AND
2 1 0 897 898 AND
2 1 0 898 899 AND
2 1 0 899 900 AND
2 1 0 900 901 AND
2 1 0 901 902 AND
2 1 0 902 903 AND
2 1 0 903 904 AND
2 1 0 904 905 AND
2 1 0 905 906 AND
2 1 0 906 907 AND
2 1 0 907 908 AND
2 1 0 908 909 AND
2 1 0 909 910 AND
2 1 0 910 911 AND
2 1 0 911 912 AND
2 1 0 912 913 AND
2 1 0 913 914 AND
2 1 0 914 915 AND
2 1 0 915 916 AND
2 1 0 916 917 AND
2 1 0 917 918 AND
2 1 0 918 919 AND
2 1 0 919 920 AND
2 1 0 920 921 AND
2 1 0 921 922 AND
2 1 0 922 923 AND
2 1 0 923 924 AND
2 1 0 924 925 AND
2 1 0 925 926 AND
2 1 0 926 927 AND
2 1 0 927 928 AND
2 1 0 928 929 AND
2 1 0 929 930 AND
2 1 0 930 931 AND
2 1 0 931 932 AND
2 1 0 932 933 AND
2 1 0 933 934 AND
2 1 0 934 935 AND
2 1 0 935 936 AND
2 1 0 936 937 AND
2 1 0 937 938 AND
2 1 0 938 939 AND
2 1 0 939 940 AND
2 1 0 940 941 AND
2 1 0 941 942 AND
2 1 0 942 943 AND
2 1 0 943 944 AND
2 1 0 944 945 AND
2 1 0 945 946 AND
2 1 0 946 947 AND
2 1 0 947 948 AND
2 1 0 948 949 AND
2 1 0 949 950 AND
2 1 0 950 951 AND
2 1 0 951 952 AND
2 1 0 952 953 AND
2 1 0 953 954 AND
2 1 0 954 955 AND
2 1 0 955 956 AND
2 1 0 956 957 AND
2 1 0 957 958 AND
2 1 0 958 959 AND
2 1 0 959 960 AND
2 1 0 960 961 AND
2 1 0 961 962 AND
2 1 0 962 963 AND
2 1 0 963 964 AND
2 1 0 964 965 AND
2 1 0 965 966 AND
2 1 0 966 967 AND
2 1 0 967 968 AND
2 1 0 968 969 AND
2 1 0 969 970 AND
2 1 0 970 971 AND
2 1 0 971 972 AND
2 1 0 972 973 AND
2 1 0 973 974 AND
2 1 0 974 975 AND
2 1 0 975 976 AND
2 1 0 976 977 AND
2 1 0 977 978 AND
2 1 0 978 979 AND
2 1 0 979 980 AND
2 1 0 980 981 AND
2 1 0 981 982 AND
2 1 0 982 983 AND
2 1 0 983 984 AND
2 1 0 984 985 AND
2 1 0 985 986 AND
2 1 0 986 987 AND
2 1 0 987 988 AND
2 1 0 988 989 AND
2 1 0 989 990 AND
2 1 0 990 991 AND
2 1 0 991 992 AND
2 1 0 992 993 AND
2 1 0 993 994 AND
2 1 0 994 995 AND
2 1 0 995 996 AND
2 1 0 996 997 AND
2 1 0 997 998 AND
2 1 0 998 999 AND
2 1 0 999 1000 AND
2 1 0 1000 1001 AND
2 1 0 1001 1002 AND
2 1 0 1002 1003 AND
2 1 0 1003 1004 AND
2 1 0 1004 1005 AND
2 1 0 1005 1006 AND
2 1 0 1006 1007 AND
2 1 0 1007 1008 AND
2 1 0 1008 1009 AND
2 1 0 1009 1010 AND
2 1 0 1010 1011 AND
2 1 0 1011 1012 AND
2 1 0 1012 1013 AND
2 1 0 1013 1014 AND
2 1 0 1014 1015 AND
2 1 0 1015 1016 AND
2 1 0 1016 1017 AND
2 1 0 1017 1018 AND
2 1 0 1018 1019 AND
2 1 0 1019 1020 AND
2 1 0 1020 1021 AND
2 1 0 1021 1022 AND
2 1 0 1022 1023 AND
2 1 0 1023 1024 AND
2 1 0 1024 1025 AND
2 1 0 1025 1026 AND
2 1 0 1026 1027 AND
2 1 0 1027 1028 AND
2 1 0 1028 1029 AND
2 1 0 1029 1030 AND
2 1 0 1030 1031 AND
2 1 0 1031 1032 AND
2 1 0 1032 1033 AND
2 1 0 1033 1034 AND
2 1 0 1034 1035 AND
2 1 0 1035 1036 AND
2 1 0 1036 1037 AND
2 1 0 1037 1038 AND
2 1 0 1038 1039 AND
2 1 0 1039 1040 AND
2 1 0 1040 1041 AND
2 1 0 1041 1042 AND
2 1 0 1042 1043 AND
2 1 0 1043 1044 AND
2 1 0 1044 1045 AND
2 1 0 1045 1046 AND
2 1 0 1046 1047 AND
2 1 0 1047 1048 AND
2 1 0 1048 1049 AND
2 1 0 1049 1050 AND
2 1 0 1050 1051 AND
2 1 0 1051 1052 AND
2 1 0 1052 1053 AND
2 1 0 1053 1054 AND
2 1 0 1054 1055 AND
2 1 0 1055 1056 AND
2 1 0 1056 1057 AND
2 1 0 1057 1058 AND
2 1 0 1058 1059 AND
2 1 0 1059 1060 AND
2 1 0 1060 1061 AND
2 1 0 1061 1062 AND
2 1 0 1062 1063 AND
2 1 0 1063 1064 AND
2 1 0 1064 1065 AND
2 1 0 1065 1066 AND
2 1 0 1066 1067 AND
2 1 0 1067 1068 AND
2 1 0 1068 1069 AND
2 1 0 1069 1070 AND
2 1 0 1070 1071 AND
2 1 0 1071 1072 AND
2 1 0 1072 1073 AND
2 1 0 1073 1074 AND
2 1 0 1074 1075 AND
2 1 0 1075 1076 AND
2 1 0 1076 1077 AND
2 1 0 1077 1078 AND
2 1 0 1078 1079 AND
2 1 0 1079 1080 AND
2 1 0 1080 1081 AND
2 1 0 1081 1082 AND
2 1 0 1082 1083 AND
2 1 0 1083 1084 AND
2 1 0 1084 1085 AND
2 1 0 1085 1086 AND
2 1 0 1086 1087 AND
2 1 0 1087 1088 AND
2 1 0 1088 1089 AND
2 1 0 1089 1090 AND
2 1 0 1090 1091 AND
2 1 0 1091 1092 AND
2 1 0 1092 1093 AND
2 1 0 1093 1094 AND
2 1 0 1094 1095 AND
2 1 0 1095 1096 AND
2 1 0 1096 1097 AND
2 1 0 1097 1098 AND
2 1 0 1098 1099 AND
2 1 0 1099 1100 AND
2 1 0 1100 1101 AND
2 1 0 1101 1102 AND
2 1 0 1102 1103 AND
2 1 0 1103 1104 AND
2 1 0 1104 1105 AND
2 1 0 1105 1106 AND
2 1 0 1106 1107 AND
2 1 0 1107 1108 AND
2 1 0 1108 1109 AND
2 1 0 1109 1110 AND
2 1 0 1110 1111 AND
2 1 0 1111 1112 AND
2 1 0 1112 1113 AND
2 1 0 1113 1114 AND
2 1 0 1114 1115 AND
2 1 0 1115 1116 AND
2 1 0 1116 1117 AND
2 1 0 1117 1118 AND
2 1 0 1118 1119 AND
2 1 0 1119 1120 AND
2 1 0 1120 1121 AND
2 1 0 1121 1122 AND
2 1 0 1122 1123 AND
2 1 0 1123 1124 AND
2 1 0 1124 1125 AND
2 1 0 1125 1126 AND
2 1 0 1126 1127 AND
2 1 0 1127 1128 AND
2 1 0 1128 1129 AND
2 1 0 1129 1130 AND
2 1 0 1130 1131 AND
2 1 0 1131 1132 AND
2 1 0 1132 1133 AND
2 1 0 1133 1134 AND
2 1 0 1134 1135 AND
2 1 0 1135 1136 AND
2 1 0 1136 1137 AND
2 1 0 1137 1138 AND
2 1 0 1138 1139 AND
2 1 0 1139 1140 AND
2 1 0 1140 1141 AND
2 1 0 1141 1142 AND
2 1 0 1142 1143 AND
2 1 0 1143 1144 AND
2 1 0 1144 1145 AND
2 1 0 1145 1146 AND
2 1 0 1146 1147 AND
2 1 0 1147 1148 AND
2 1 0 1148 1149 AND
2 1 0 1149 1150 AND
2 1 0 1150 1151 AND
2 1 0 1151 1152 AND
2 1 0 1152 1153 AND
2 1 0 1153 1154 AND
2 1 0 1154 1155 AND
2 1 0 1155 1156 AND
2 1 0 1156 1157 AND
2 1 0 1157 1158 AND
2 1 0 1158 1159 AND
2 1 0 1159 1160 AND
2 1 0 1160 1161 AND
2 1 0 1161 1162 AND
2 1 0 1162 1163 AND
2 1 0 1163 1164 AND
2 1 0 1164 1165 AND
2 1 0 1165 1166 AND
2 1 0 1166 1167 AND
2 1 0 1167 1168 AND
2 1 0 1168 1169 AND
2 1 0 1169 1170 AND
2 1 0 1170 1171 AND
2 1 0 1171 1172 AND
2 1 0 1172 1173 AND
2 1 0 1173 1174 AND
2 1 0 1174 1175 AND
2 1 0 1175 1176 AND
2 1 0 1176 1177 AND
2 1 0 1177 1178 AND
2 1 0 1178 1179 AND
2 1 0 1179 1180 AND
2 1 0 1180 1181 AND
2 1 0 1181 1182 AND
2 1 0 1182 1183 AND
2 1 0 1183 1184 AND
2 1 0 1184 1185 AND
2 1 0 1185 1186 AND
2 1 0 1186 1187 AND
2 1 0 1187 1188 AND
2 1 0 1188 1189 AND
2 1 0 1189 1190 AND
2 1 0 1190 1191 AND
2 1 0 1191 1192 AND
2 1 0 1192 1193 AND
2 1 0 1193 1194 AND
2 1 0 1194 1195 AND
2 1 0 1195 1196 AND
2 1 0 1196 1197 AND
2 1 0 1197 1198 AND
2 1 0 1198 1199 AND
2 1 0 1199 1200 AND
2 1 0 1200 1201 AND
2 1 0 1201 1202 AND
2 1 0 1202 1203 AND
2 1 0 1203 1204 AND
2 1 0 1204 1205 AND
2 1 0 1205 1206 AND
2 1 0 1206 1207 AND
2 1 0 1207 1208 AND
2 1 0 1208 1209 AND
2 1 0 1209 1210 AND
2 1 0 1210 1211 AND
2 1 0 1211 1212 AND
2 1 0 1212 1213 AND
2 1 0 1213 1214 AND
2 1 0 1214 1215 AND
2 1 0 1215 1216 AND
2 1 0 1216 1217 AND
2 1 0 1217 1218 AND
2 1 0 1218 1219 AND
2 1 0 1219 1220 AND
2 1 0 1220 1221 AND
2 1 0 1221 1222 AND
2 1 0 1222 1223 AND
2 1 0 1223 1224 AND
2 1 0 1224 1225 AND
2 1 0 1225 1226 AND
2 1 0 1226 1227 AND
2 1 0 1227 1228 AND
2 1 0 1228 1229 AND
2 1 0 1229 1230 AND
2 1 0 1230 1231 AND
2 1 0 1231 1232 AND
2 1 0 1232 1233 AND
2 1 0 1233 1234 AND
2 1 0 1234 1235 AND
2 1 0 1235 1236 AND
2 1 0 1236 1237 AND
2 1 0 1237 1238 AND
2 1 0 1238 1239 AND
2 1 0 1239 1240 AND
2 1 0 1240 1241 AND
2 1 0 1241 1242 AND
2 1 0 1242 1243 AND
2 1 0 1243 1244 AND
2 1 0 1244 1245 AND
2 1 0 1245 1246 AND
2 1 0 1246 1247 AND
2 1 0 1247 1248 AND
2 1 0 1248 1249 AND
2 1 0 1249 1250 AND
2 1 0 1250 1251 AND
2 1 0 1251 1252 AND
2 1 0 1252 1253 AND
2 1 0 1253 1254 AND
2 1 0 1254 1255 AND
2 1 0 1255 1256 AND
2 1 0 1256 1257 AND
2 1 0 1257 1258 AND
2 1 0 1258 1259 AND
2 1 0 1259 1260 AND
2 1 0 1260 1261 AND
2 1 0 1261 1262 AND
2 1 0 1262 1263 AND
2 1 0 1263 1264 AND
2 1 0 1264 1265 AND
2 1 0 1265 1266 AND
2 1 0 1266 1267 AND
2 1 0 1267 1268 AND
2 1 0 1268 1269 AND
2 1 0 1269 1270 AND
2 1 0 1270 1271 AND
2 1 0 1271 1272 AND
2 1 0 1272 1273 AND
2 1 0 1273 1274 AND
2 1 0 1274 1275 AND
2 1 0 1275 1276 AND
2 1 0 1276 1277 AND
2 1 0 1277 1278 AND
2 1 0 1278 1279 AND
2 1 0 1279 1280 AND
2 1 0 1280 1281 AND
2 1 0 1281 1282 AND
2 1 0 1282 1283 AND
2 1 0 1283 1284 AND
2 1 0 1284 1285 AND
2 1 0 1285 1286 AND
2 1 0 1286 1287 AND
2 1 0 1287 1288 AND
2 1 0 1288 1289 AND
2 1 0 1289 1290 AND
2 1 0 1290 1291 AND
2 1 0 1291 1292 AND
2 1 0 1292 1293 AND
2 1 0 1293 1294 AND
2 1 0 1294 1295 AND
2 1 0 1295 1296 AND
2 1 0 1296 1297 AND
2 1 0 1297 1298 AND
2 1 0 1298 1299 AND
2 1 0 1299 1300 AND
2 1 0 1300 1301 AND
2 1 0 1301 1302 AND
2 1 0 1302 1303 AND
2 1 0 1303 1304 AND
2 1 0 1304 1305 AND
2 1 0 1305 1306 AND
2 1 0 1306 1307 AND
2 1 0 1307 1308 AND
2 1 0 1308 1309 AND
2 1 0 1309 1310 AND
2 1 0 1310 1311 AND
2 1 0 1311 1312 AND
2 1 0 1312 1313 AND
2 1 0 1313 1314 AND
2 1 0 1314 1315 AND
2 1 0 1315 1316 AND
2 1 0 1316 1317 AND
2 1 0 1317 1318 AND
2 1 0 1318 1319 AND
2 1 0 1319 1320 AND
2 1 0 1320 1321 AND
2 1 0 1321 1322 AND
2 1 0 1322 1323 AND
2 1 0 1323 1324 AND
2 1 0 1324 1325 AND
2 1 0 1325 1326 AND
2 1 0 1326 1327 AND
2 1 0 1327 1328 AND
2 1 0 1328 1329 AND
2 1 0 1329 1330 AND
2 1 0 1330 1331 AND
2 1 0 1331 1332 AND
2 1 0 1332 1333 AND
2 1 0 1333 1334 AND
2 1 0 1334 1335 AND
2 1 0 1335 1336 AND
2 1 0 1336 1337 AND
2 1 0 1337 1338 AND
2 1 0 1338 1339 AND
2 1 0 1339 1340 AND
2 1 0 1340 1341 AND
2 1 0 1341 1342 AND
2 1 0 1342 1343 AND
2 1 0 1343 1344 AND
2 1 0 1344 1345 AND
2 1 0 1345 1346 AND
2 1 0 1346 1347 AND
2 1 0 1347 1348 AND
2 1 0 1348 1349 AND
2 1 0 1349 1350 AND
2 1 0 1350 1351 AND
2 1 0 1351 1352 AND
2 1 0 1352 1353 AND
2 1 0 1353 1354 AND
2 1 0 1354 1355 AND
2 1 0 1355 1356 AND
2 1 0 1356 1357 AND
2 1 0 1357 1358 AND
2 1 0 1358 1359 AND
2 1 0 1359 1360 AND
2 1 0 1360 1361 AND
2 1 0 1361 1362 AND
2 1 0 1362 1363 AND
2 1 0 1363 1364 AND
2 1 0 1364 1365 AND
2 1 0 1365 1366 AND
2 1 0 1366 1367 AND
2 1 0 1367 1368 AND
2 1 0 1368 1369 AND
2 1 0 1369 1370 AND
2 1 0 1370 1371 AND
2 1 0 1371 1372 AND
2 1 0 1372 1373 AND
2 1 0 1373 1374 AND
2 1 0 1374 1375 AND
2 1 0 1375 1376 AND
2 1 0 1376 1377 AND
2 1 0 1377 1378 AND
2 1 0 1378 1379 AND
2 1 0 1379 1380 AND
2 1 0 1380 1381 AND
2 1 0 1381 1382 AND
2 1 0 1382 1383 AND
2 1 0 1383 1384 AND
2 1 0 1384 1385 AND
2 1 0 1385 1386 AND
2 1 0 1386 1387 AND
2 1 0 1387 1388 AND
2 1 0 1388 1389 AND
2 1 0 1389 1390 AND
2 1 0 1390 1391 AND
2 1 0 1391 1392 AND
2 1 0 1392 1393 AND
2 1 0 1393 1394 AND
2 1 0 1394 1395 AND
2 1 0 1395 1396 AND
2 1 0 1396 1397 AND
2 1 0 1397 1398 AND
2 1 0 1398 1399 AND
2 1 0 1399 1400 AND
2 1 0 1400 1401 AND
2 1 0 1401 1402 AND
2 1 0 1402 1403 AND
2 1 0 1403 1404 AND
2 1 0 1404 1405 AND
2 1 0 1405 1406 AND
2 1 0 1406 1407 AND
2 1 0 1407 1408 AND
2 1 0 1408 1409 AND
2 1 0 1409 1410 AND
2 1 0 1410 1411 AND
2 1 0 1411 1412 AND
2 1 0 1412 1413 AND
2 1 0 1413 1414 AND
2 1 0 1414 1415 AND
2 1 0 1415 1416 AND
2 1 0 1416 1417 AND
2 1 0 1417 1418 AND
2 1 0 1418 1419 AND
2 1 0 1419 1420 AND
2 1 0 1420 1421 AND
2 1 0 1421 1422 AND
2 1 0 1422 1423 AND
2 1 0 1423 1424 AND
2 1 0 1424 1425 AND
2 1 0 1425 1426 AND
2 1 0 1426 1427 AND
2 1 0 1427 1428 AND
2 1 0 1428 1429 AND
2 1 0 1429 1430 AND
2 1 0 1430 1431 AND
2 1 0 1431 1432 AND
2 1 0 1432 1433 AND
2 1 0 1433 1434 AND
2 1 0 1434 1435 AND
2 1 0 1435 1436 AND
2 1 0 1436 1437 AND
2 1 0 1437 1438 AND
2 1 0 1438 1439 AND
2 1 0 1439 1440 AND
2 1 0 1440 1441 AND
2 1 0 1441 1442 AND
2 1 0 1442 1443 AND
2 1 0 1443 1444 AND
2 1 0 1444 1445 AND
2 1 0 1445 1446 AND
2 1 0 1446 1447 AND
2 1 0 1447 1448 AND
2 1 0 1448 1449 AND
2 1 0 1449 1450 AND
2 1 0 1450 1451 AND
2 1 0 1451 1452 AND
2 1 0 1452 1453 AND
2 1 0 1453 1454 AND
2 1 0 1454 1455 AND
2 1 0 1455 1456 AND
2 1 0 1456 1457 AND
2 1 0 1457 1458 AND
2 1 0 1458 1459 AND
2 1 0 1459 1460 AND
2 1 0 1460 1461 AND
2 1 0 1461 1462 AND
2 1 0 1462 1463 AND
2 1 0 1463 1464 AND
2 1 0 1464 1465 AND
2 1 0 1465 1466 AND
2 1 0 1466 1467 AND
2 1 0 1467 1468 AND
2 1 0 1468 1469 AND
2 1 0 1469 1470 AND
2 1 0 1470 1471 AND
2 1 0 1471 1472 AND
2 1 0 1472 1473 AND
2 1 0 1473 1474 AND
2 1 0 1474 1475 AND
2 1 0 1475 1476 AND
2 1 0 1476 1477 AND
2 1 0 1477 1478 AND
2 1 0 1478 1479 AND
2 1 0 1479 1480 AND
2 1 0 1480 1481 AND
2 1 0 1481 1482 AND
2 1 0 1482 1483 AND
2 1 0 1483 1484 AND
2 1 0 1484 1485 AND
2 1 0 1485 1486 AND
2 1 0 1486 1487 AND
2 1 0 1487 1488 AND
2 1 0 1488 1489 AND
2 1 0 1489 1490 AND
2 1 0 1490 1491 AND
2 1 0 1491 1492 AND
2 1 0 1492 1493 AND
2 1 0 1493 1494 AND
2 1 0 1494 1495 AND
2 1 0 1495 1496 AND
2 1 0 1496 1497 AND
2 1 0 1497 1498 AND
2 1 0 1498 1499 AND
2 1 0 1499 1500 AND
2 1 0 1500 1501 AND
2 1 0 1501 1502 AND
2 1 0 1502 1503 AND
2 1 0 1503 1504 AND
2 1 0 1504 1505 AND
2 1 0 1505 1506 AND
2 1 0 1506 1507 AND
2 1 0 1507 1508 AND
2 1 0 1508 1509 AND
2 1 0 1509 1510 AND
2 1 0 1510 1511 AND
2 1 0 1511 1512 AND
2 1 0 1512 1513 AND
2 1 0 1513 1514 AND
2 1 0 1514 1515 AND
2 1 0 1515 1516 AND
2 1 0 1516 1517 AND
2 1 0 1517 1518 AND
2 1 0 1518 1519 AND
2 1 0 1519 1520 AND
2 1 0 1520 1521 AND
2 1 0 1521 1522 AND
2 1 0 1522 1523 AND
2 1 0 1523 1524 AND
2 1 0 1524 1525 AND
2 1 0 1525 1526 AND
2 1 0 1526 1527 AND
2 1 0 1527 1528 AND
2 1 0 1528 1529 AND
2 1 0 1529 1530 AND
2 1 0 1530 1531 AND
2 1 0 1531 1532 AND
2 1 0 1532 1533 AND
2 1 0 1533 1534 AND
2 1 0 1534 1535 AND
2 1 0 1535 1536 AND
2 1 0 1536 1537 AND
2 1 0 1537 1538 AND
2 1 0 1538 1539 AND
2 1 0 1539 1540 AND
2 1 0 1540 1541 AND
2 1 0 1541 1542 AND
2 1 0 1542 1543 AND
2 1 0 1543 1544 AND
2 1 0 1544 1545 AND
2 1 0 1545 1546 AND
2 1 0 1546 1547 AND
2 1 0 1547 1548 AND
2 1 0 1548 1549 AND
2 1 0 1549 1550 AND
2 1 0 1550 1551 AND
2 1 0 1551 1552 AND
2 1 0 1552 1553 AND
2 1 0 1553 1554 AND
2 1 0 1554 1555 AND
2 1 0 1555 1556 AND
2 1 0 1556 1557 AND
2 1 0 1557 1558 AND
2 1 0 1558 1559 AND
2 1 0 1559 1560 AND
2 1 0 1560 1561 AND
2 1 0 1561 1562 AND
2 1 0 1562 1563 AND
2 1 0 1563 1564 AND
2 1 0 1564 1565 AND
2 1 0 1565 1566 AND
2 1 0 1566 1567 AND
2 1 0 1567 1568 AND
2 1 0 1568 1569 AND
2 1 0 1569 1570 AND
2 1 0 1570 1571 AND
2 1 0 1571 1572 AND
2 1 0 1572 1573 AND
2 1 0 1573 1574 AND
2 1 0 1574 1575 AND
2 1 0 1575 1576 AND
2 1 0 1576 1577 AND
2 1 0 1577 1578 AND
2 1 0 1578 1579 AND
2 1 0 1579 1580 AND
2 1 0 1580 1581 AND
2 1 0 1581 1582 AND
2 1 0 1582 1583 AND
2 1 0 1583 1584 AND
2 1 0 1584 1585 AND
2 1 0 1585 1586 AND
2 1 0 1586 1587 AND
2 1 0 1587 1588 AND
2 1 0 1588 1589 AND
2 1 0 1589 1590 AND
2 1 0 1590 1591 AND
2 1 0 1591 1592 AND
2 1 0 1592 1593 AND
2 1 0 1593 1594 AND
2 1 0 1594 1595 AND
2 1 0 1595 1596 AND
2 1 0 1596 1597 AND
2 1 0 1597 1598 AND
2 1 0 1598 1599 AND
2 1 0 1599 1600 AND
2 1 0 1600 1601 AND
2 1 0 1601 1602 AND
2 1 0 1602 1603 AND
2 1 0 1603 1604 AND
2 1 0 1604 1605 AND
2 1 0 1605 1606 AND
2 1 0 1606 1607 AND
2 1 0 1607 1608 AND
2 1 0 1608 1609 AND
2 1 0 1609 1610 AND
2 1 0 1610 1611 AND
2 1 0 1611 1612 AND
2 1 0 1612 1613 AND
2 1 0 1613 1614 AND
2 1 0 1614 1615 AND
2 1 0 1615 1616 AND
2 1 0 1616 1617 AND
2 1 0 1617 1618 AND
2 1 0 1618 1619 AND
2 1 0 1619 1620 AND
2 1 0 1620 1621 AND
2 1 0 1621 1622 AND
2 1 0 1622 1623 AND
2 1 0 1623 1624 AND
2 1 0 1624 1625 AND
2 1 0 1625 1626 AND
2 1 0 1626 1627 AND
2 1 0 1627 1628 AND
2 1 0 1628 1629 AND
2 1 0 1629 1630 AND
2 1 0 1630 1631 AND
2 1 0 1631 1632 AND
2 1 0 1632 1633 AND
2 1 0 1633 1634 AND
2 1 0 1634 1635 AND
2 1 0 1635 1636 AND
2 1 0 1636 1637 AND
2 1 0 1637 1638 AND
2 1 0 1638 1639 AND
2 1 0 1639 1640 AND
2 1 0 1640 1641 AND
2 1 0 1641 1642 AND
2 1 0 1642 1643 AND
2 1 0 1643 1644 AND
2 1 0 1644 1645 AND
2 1 0 1645 1646 AND
2 1 0 1646 1647 AND
2 1 0 1647 1648 AND
2 1 0 1648 1649 AND
2 1 0 1649 1650 AND
2 1 0 1650 1651 AND
2 1 0 1651 1652 AND
2 1 0 1652 1653 AND
2 1 0 1653 1654 AND
2 1 0 1654 1655 AND
2 1 0 1655 1656 AND
2 1 0 1656 1657 AND
2 1 0 1657 1658 AND
2 1 0 1658 1659 AND
2 1 0 1659 1660 AND
2 1 0 1660 1661 AND
2 1 0 1661 1662 AND
2 1 0 1662 1663 AND
2 1 0 1663 1664 AND
2 1 0 1664 1665 AND
2 1 0 1665 1666 AND
2 1 0 1666 1667 AND
2 1 0 1667 1668 AND
2 1 0 1668 1669 AND
2 1 0 1669 1670 AND
2 1 0 1670 1671 AND
2 1 0 1671 1672 AND
2 1 0 1672 1673 AND
2 1 0 1673 1674 AND
2 1 0 1674 1675 AND
2 1 0 1675 1676 AND
2 1 0 1676 1677 AND
2 1 0 1677 1678 AND
2 1 0 1678 1679 AND
2 1 0 1679 1680 AND
2 1 0 1680 1681 AND
2 1 0 1681 1682 AND
2 1 0 1682 1683 AND
2 1 0 1683 1684 AND
2 1 0 1684 1685 AND
2 1 0 1685 1686 AND
2 1 0 1686 1687 AND
2 1 0 1687 1688 AND
2 1 0 1688 1689 AND
2 1 0 1689 1690 AND
2 1 0 1690 1691 AND
2 1 0 1691 1692 AND
2 1 0 1692 1693 AND
2 1 0 1693 1694 AND
2 1 0 1694 1695 AND
2 1 0 1695 1696 AND
2 1 0 1696 1697 AND
2 1 0 1697 1698 AND
2 1 0 1698 1699 AND
2 1 0 1699 1700 AND
2 1 0 1700 1701 AND
2 1 0 1701 1702 AND
2 1 0 1702 1703 AND
2 1 0 1703 1704 AND
2 1 0 1704 1705 AND
2 1 0 1705 1706 AND
2 1 0 1706 1707 AND
2 1 0 1707 1708 AND
2 1 0 1708 1709 AND
2 1 0 1709 1710 AND
2 1 0 1710 1711 AND
2 1 0 1711 1712 AND
2 1 0 1712 1713 AND
2 1 0 1713 1714 AND
2 1 0 1714 1715 AND
2 1 0 1715 1716 AND
2 1 0 1716 1717 AND
2 1 0 1717 1718 AND
2 1 0 1718 1719 AND
2 1 0 1719 1720 AND
2 1 0 1720 1721 AND
2 1 0 1721 1722 AND
2 1 0 1722 1723 AND
2 1 0 1723 1724 AND
2 1 0 1724 1725 AND
2 1 0 1725 1726 AND
2 1 0 1726 1727 AND
2 1 0 1727 1728 AND
2 1 0 1728 1729 AND
2 1 0 1729 1730 AND
2 1 0 1730 1731 AND
2 1 0 1731 1732 AND
2 1 0 1732 1733 AND
2 1 0 1733 1734 AND
2 1 0 1734 1735 AND
2 1 0 1735 1736 AND
2 1 0 1736 1737 AND
2 1 0 1737 1738 AND
2 1 0 1738 1739 AND
2 1 0 1739 1740 AND
2 1 0 1740 1741 AND
2 1 0 1741 1742 AND
2 1 0 1742 1743 AND
2 1 0 1743 1744 AND
2 1 0 1744 1745 AND
2 1 0 1745 1746 AND
2 1 0 1746 1747 AND
2 1 0 1747 1748 AND
2 1 0 1748 1749 AND
2 1 0 1749 1750 AND
2 1 0 1750 1751 AND
2 1 0 1751 1752 AND
2 1 0 1752 1753 AND
2 1 0 1753 1754 AND
2 1 0 1754 1755 AND
2 1 0 1755 1756 AND
2 1 0 1756 1757 AND
2 1 0 1757 1758 AND
2 1 0 1758 1759 AND
2 1 0 1759 1760 AND
2 1 0 1760 1761 AND
2 1 0 1761 1762 AND
2 1 0 1762 1763 AND
2 1 0 1763 1764 AND
2 1 0 1764 1765 AND
2 1 0 1765 1766 AND
2 1 0 1766 1767 AND
2 1 0 1767 1768 AND
2 1 0 1768 1769 AND
2 1 0 1769 1770 AND
2 1 0 1770 1771 AND
2 1 0 1771 1772 AND
2 1 0 1772 1773 AND
2 1 0 1773 1774 AND
2 1 0 1774 1775 AND
2 1 0 1775 1776 AND
2 1 0 1776 1777 AND
2 1 0 1777 1778 AND
2 1 0 1778 1779 AND
2 1 0 1779 1780 AND
2 1 0 1780 1781 AND
2 1 0 1781 1782 AND
2 1 0 1782 1783 AND
2 1 0 1783 1784 AND
2 1 0 1784 1785 AND
2 1 0 1785 1786 AND
2 1 0 1786 1787 AND
2 1 0 1787 1788 AND
2 1 0 1788 1789 AND
2 1 0 1789 1790 AND
2 1 0 1790 1791 AND
2 1 0 1791 1792 AND
2 1 0 1792 1793 AND
2 1 0 1793 1794 AND
2 1 0 1794 1795 AND
2 1 0 1795 1796 AND
2 1 0 1796 1797 AND
2 1 0 1797 1798 AND
2 1 0 1798 1799 AND
2 1 0 1799 1800 AND
2 1 0 1800 1801 AND
2 1 0 1801 1802 AND
2 1 0 1802 1803 AND
2 1 0 1803 1804 AND
2 1 0 1804 1805 AND
2 1 0 1805 1806 AND
2 1 0 1806 1807 AND
2 1 0 1807 1808 AND
2 1 0 1808 1809 AND
2 1 0 1809 1810 AND
2 1 0 1810 1811 AND
2 1 0 1811 1812 AND
2 1 0 1812 1813 AND
2 1 0 1813 1814 AND
2 1 0 1814 1815 AND
2 1 0 1815 1816 AND
2 1 0 1816 1817 AND
2 1 0 1817 1818 AND
2 1 0 1818 1819 AND
2 1 0 1819 1820 AND
2 1 0 1820 1821 AND
2 1 0 1821 1822 AND
2 1 0 1822 1823 AND
2 1 0 1823 1824 AND
2 1 0 1824 1825 AND
2 1 0 1825 1826 AND
2 1 0 1826 1827 AND
2 1 0 1827 1828 AND
2 1 0 1828 1829 AND
2 1 0 1829 1830 AND
2 1 0 1830 1831 AND
2 1 0 1831 1832 AND
2 1 0 1832 1833 AND
2 1 0 1833 1834 AND
2 1 0 1834 1835 AND
2 1 0 1835 1836 AND
2 1 0 1836 1837 AND
2 1 0 1837 1838 AND
2 1 0 1838 1839 AND
2 1 0 1839 1840 AND
2 1 0 1840 1841 AND
2 1 0 1841 1842 AND
2 1 0 1842 1843 AND
2 1 0 1843 1844 AND
2 1 0 1844 1845 AND
2 1 0 1845 1846 AND
2 1 0 1846 1847 AND
2 1 0 1847 1848 AND
2 1 0 1848 1849 AND
2 1 0 1849 1850 AND
2 1 0 1850 1851 AND
2 1 0 1851 1852 AND
2 1 0 1852 1853 AND
2 1 0 1853 1854 AND
2 1 0 1854 1855 AND
2 1 0 1855 1856 AND
2 1 0 1856 1857 AND
2 1 0 1857 1858 AND
2 1 0 1858 1859 AND
2 1 0 1859 1860 AND
2 1 0 1860 1861 AND
2 1 0 1861 1862 AND
2 1 0 1862 1863 AND
2 1 0 1863 1864 AND
2 1 0 1864 1865 AND
2 1 0 1865 1866 AND
2 1 0 1866 1867 AND
2 1 0 1867 1868 AND
2 1 0 1868 1869 AND
2 1 0 1869 1870 AND
2 1 0 1870 1871 AND
2 1 0 1871 1872 AND
2 1 0 1872 1873 AND
2 1 0 1873 1874 AND
2 1 0 1874 1875 AND
2 1 0 1875 1876 AND
2 1 0 1876 1877 AND
2 1 0 1877 1878 AND
2 1 0 1878 1879 AND
2 1 0 1879 1880 AND
2 1 0 1880 1881 AND
2 1 0 1881 1882 AND
2 1 0 1882 1883 AND
2 1 0 1883 1884 AND
2 1 0 1884 1885 AND
2 1 0 1885 1886 AND
2 1 0 1886 1887 AND
2 1 0 1887 1888 AND
2 1 0 1888 1889 AND
2 1 0 1889 1890 AND
2 1 0 1890 1891 AND
2 1 0 1891 1892 AND
2 1 0 1892 1893 AND
2 1 0 1893 1894 AND
2 1 0 1894 1895 AND
2 1 0 1895 1896 AND
2 1 0 1896 1897 AND
2 1 0 1897 1898 AND
2 1 0 1898 1899 AND
2 1 0 1899 1900 AND
2 1 0 1900 1901 AND
2 1 0 1901 1902 AND
2 1 0 1902 1903 AND
2 1 0 1903 1904 AND
2 1 0 1904 1905 AND
2 1 0 1905 1906 AND
2 1 0 1906 1907 AND
2 1 0 1907 1908 AND
2 1 0 1908 1909 AND
2 1 0 1909 1910 AND
2 1 0 1910 1911 AND
2 1 0 1911 1912 AND
2 1 0 1912 1913 AND
2 1 0 1913 1914 AND
2 1 0 1914 1915 AND
2 1 0 1915 1916 AND
2 1 0 1916 1917 AND
2 1 0 1917 1918 AND
2 1 0 1918 1919 AND
2 1 0 1919 1920 AND
2 1 0 1920 1921 AND
2 1 0 1921 1922 AND
2 1 0 1922 1923 AND
2 1 0 1923 1924 AND
2 1 0 1924 1925 AND
2 1 0 1925 1926 AND
2 1 0 1926 1927 AND
2 1 0 1927 1928 AND
2 1 0 1928 1929 AND
2 1 0 1929 1930 AND
2 1 0 1930 1931 AND
2 1 0 1931 1932 AND
2 1 0 1932 1933 AND
2 1 0 1933 1934 AND
2 1 0 1934 1935 AND
2 1 0 1935 1936 AND
2 1 0 1936 1937 AND
2 1 0 1937 1938 AND
2 1 0 1938 1939 AND
2 1 0 1939 1940 AND
2 1 0 1940 1941 AND
2 1 0 1941 1942 AND
2 1 0 1942 1943 AND
2 1 0 1943 1944 AND
2 1 0 1944 1945 AND
2 1 0 1945 1946 AND
2 1 0 1946 1947 AND
2 1 0 1947 1948 AND
2 1 0 1948 1949 AND
2 1 0 1949 1950 AND
2 1 0 1950 1951 AND
2 1 0 1951 1952 AND
2 1 0 1952 1953 AND
2 1 0 1953 1954 AND
2 1 0 1954 1955 AND
2 1 0 1955 1956 AND
2 1 0 1956 1957 AND
2 1 0 1957 1958 AND
2 1 0 1958 1959 AND
2 1 0 1959 1960 AND
2 1 0 1960 1961 AND
2 1 0 1961 1962 AND
2 1 0 1962 1963 AND
2 1 0 1963 1964 AND
2 1 0 1964 1965 AND
2 1 0 1965 1966 AND
2 1 0 1966 1967 AND
2 1 0 1967 1968 AND
2 1 0 1968 1969 AND
2 1 0 1969 1970 AND
2 1 0 1970 1971 AND
2 1 0 1971 1972 AND
2 1 0 1972 1973 AND
2 1 0 1973 1974 AND
2 1 0 1974 1975 AND
2 1 0 1975 1976 AND
2 1 0 1976 1977 AND
2 1 0 1977 1978 AND
2 1 0 1978 1979 AND
2 1 0 1979 1980 AND
2 1 0 1980 1981 AND
2 1 0 1981 1982 AND
2 1 0 1982 1983 AND
2 1 0 1983 1984 AND
2 1 0 1984 1985 AND
2 1 0 1985 1986 AND
2 1 0 1986 1987 AND
2 1 0 1987 1988 AND
2 1 0 1988 1989 AND
2 1 0 1989 1990 AND
2 1 0 1990 1991 AND
2 1 0 1991 1992 AND
2 1 0 1992 1993 AND
2 1 0 1993 1994 AND
2 1 0 1994 1995 AND
2 1 0 1995 1996 AND
2 1 0 1996 1997 AND
2 1 0 1997 1998 AND
2 1 0 1998 1999 AND
2 1 0 1999 2000 AND
2 1 0 2000 2001 AND
